
Descriptive Statistics
==============================================================================
Statistic                       N    Mean     St. Dev.     Min        Max     
------------------------------------------------------------------------------
wdi_trade                      169   90.0       57.0       24.3      393.1    
trade_open                     169    0.7        0.5        0          1      
trade_level_High_Trade         169    0.3        0.4        0          1      
trade_level_Intermediate_Trade 169    0.5        0.5        0          1      
trade_level_Low_Trade          169    0.2        0.4        0          1      
trade_level_NA                 194    0.1        0.3        0          1      
wdi_acel                       192   85.8       24.5       7.7       100.0    
wdi_expmil                     152    1.9        1.3       0.1        7.6     
wdi_wip                        192   24.5       12.9       0.0        61.2    
undp_hdi                       190    0.7        0.2       0.4        1.0     
wdi_expedu                     174    4.6        2.1       0.4        14.2    
wdi_area                       192 663,647.4 1,839,053.0   2.1    16,376,870.0
wdi_taxrev                     141   16.2        6.9      0.000       44.3    
wdi_fdiin                      181   -2.9       97.4     -1,303.1     32.8    
cbie_index                     153    0.7        0.2       0.3        0.9     
wbgi_rle                       193   -0.1        1.0       -2.3       2.0     
bmr_dem                        193    0.6        0.5        0          1      
atop_ally                      184    1.0        0.0        1          1      
gol_est                        142    1.8        0.7        1          3      
mad_gdppc                      162 19,024.6   20,243.3    606.9    143,468.8  
mad_gdppc1900                  47   2,924.3    2,007.8    817.7     8,037.6   
bci_bci                        191   44.3       19.5       -3.5       78.9    
lis_gini                       35     0.3        0.1       0.2        0.5     
top_top1_income_share          193    0.2       0.04       0.1        0.3     
------------------------------------------------------------------------------
